375.000 0.000
367.795 73.160

367.795 73.160
346.455 143.505

346.455 143.505
311.800 208.340

311.800 208.340
265.165 265.165

265.165 265.165
208.340 311.800

208.340 311.800
143.505 346.455

143.505 346.455
73.160 367.795

73.160 367.795
0.000 375.000

0.000 375.000
-73.160 367.795

-73.160 367.795
-143.505 346.455

-143.505 346.455
-208.340 311.800

-208.340 311.800
-265.165 265.165

-265.165 265.165
-311.800 208.340

-311.800 208.340
-346.455 143.505

-346.455 143.505
-367.795 73.160

-367.795 73.160
-375.000 0.000

-375.000 0.000
-367.795 -73.160

-367.795 -73.160
-346.455 -143.505

-346.455 -143.505
-311.800 -208.340

-311.800 -208.340
-265.165 -265.165

-265.165 -265.165
-208.340 -311.800

-208.340 -311.800
-143.505 -346.455

-143.505 -346.455
-73.160 -367.795

-73.160 -367.795
0.000 -375.000

0.000 -375.000
73.160 -367.795

73.160 -367.795
143.505 -346.455

143.505 -346.455
208.340 -311.800

208.340 -311.800
265.165 -265.165

265.165 -265.165
311.800 -208.340

311.800 -208.340
346.455 -143.505

346.455 -143.505
367.795 -73.160

367.795 -73.160
375.000 0.000

-375.000 -375.000
375.000 -375.000

375.000 -375.000
375.000 375.000

375.000 375.000
-375.000 375.000

-375.000 375.000
-375.000 -375.000

